-1 -1 -1 -1 -1 -1 -1 -1 -1 -1 -1 -1 -1 -1 -1 
-1 -1 -1 -1 -1 -1 -1 -1 -1 -1 -1 -1 -1 -1 -1 
-1 -1 -1 -1 -1 -1 -1 -1 -1 -1 -1 -1 -1 -1 -1 
-1 -1 -1 -1 -1 -1 -1 -1 -1 -1 -1 -1 -1 -1 -1 
5 -1 -1 -1 -1 -1 6 -1 -1 -1 -1 -1 -1 -1 -1 
-1 3 -1 -1 -1 4 -1 -1 -1 -1 -1 11 -1 -1 -1 
-1 -1 1 -1 2 -1 -1 -1 -1 -1 15 -1 16 -1 9 
7 -1 -1 0 -1 -1 -1 -1 -1 13 -1 10 -1 14 8 
-1 -1 -1 -1 -1 -1 -1 -1 -1 -1 -1 12 -1 -1 -1 
-1 -1 -1 -1 -1 -1 -1 -1 -1 -1 -1 -1 -1 -1 -1 
-1 -1 -1 -1 -1 -1 -1 -1 -1 -1 -1 -1 -1 -1 -1 
-1 -1 -1 -1 -1 -1 -1 -1 -1 -1 -1 -1 -1 -1 -1 
-1 -1 -1 -1 -1 -1 -1 -1 -1 -1 -1 -1 -1 -1 -1 
-1 -1 -1 -1 -1 -1 -1 -1 -1 -1 -1 -1 -1 -1 -1 
-1 -1 -1 -1 -1 -1 -1 -1 -1 -1 -1 -1 -1 -1 -1 
0
0 7 3 8 3
0 6 4 6 5
0 6 2 6 1
0 5 1 5 2
0 5 5 6 6
0 4 0 4 1
0 4 6 5 7
0 7 0 8 0
0 7 14 6 13
0 8 11 7 10
0 6 14 5 14
0 7 11 6 11
0 5 11 4 11
0 7 13 7 14
0 7 9 7 8
0 6 12 7 13
0 6 10 6 9
1
2 7 14 7 14
2 6 5 6 5
2
0 7 14 6 14
0 7 8 6 7
0 4 11 5 11
0 8 0 9 0
0 7 10 8 10
0 6 13 5 12
0 5 2 6 3
0 6 1 7 0
0 6 5 5 6
0 8 3 7 4
0 6 9 6 8
0 6 6 7 5
0 5 7 5 8
0 4 1 5 2
0 7 13 8 13
0 6 11 7 11
3
1 5 8 6 7
1 6 7 5 6
2 5 11 5 11
2 8 10 8 10
1 5 6 6 7
1 6 8 5 8
4
0 5 2 4 1
0 8 13 8 12
0 6 7 6 6
0 7 11 6 10
0 9 0 9 1
0 5 12 6 11
0 8 10 8 11
0 5 11 4 11
0 6 3 5 4
0 7 4 7 3
0 7 0 7 1
0 7 5 8 5
0 5 8 5 7
0 6 8 5 8
0 5 6 4 5
0 5 14 6 13
5
1 5 7 6 6
2 5 4 5 4
1 5 8 5 7
6
0 4 5 4 4
0 4 1 4 2
0 7 1 7 0
0 5 4 5 5
0 8 5 8 4
0 6 14 7 14
0 5 7 6 8
0 7 3 6 3
0 5 8 5 7
0 6 13 6 14
0 8 12 7 11
0 9 1 8 2
0 6 10 6 9
0 8 11 9 12
0 4 11 5 11
0 6 11 7 12
7
1 6 8 6 9
1 5 7 6 8
1 6 9 6 8
8
0 6 9 5 8
0 5 11 5 10
0 4 4 4 5
0 4 2 5 2
0 7 0 8 0
0 8 4 7 5
0 7 14 6 13
0 5 5 6 5
0 6 8 6 9
0 6 3 5 3
0 7 12 6 11
0 5 7 4 7
0 6 14 5 13
0 7 11 6 10
0 8 2 7 2
0 9 12 9 11
9
1 5 10 6 9
10
0 5 13 6 12
0 6 10 7 11
0 9 11 8 11
0 6 5 5 6
0 5 2 4 2
0 8 0 8 1
0 5 3 5 2
0 7 5 6 5
0 5 10 6 10
0 7 2 6 3
0 5 8 5 9
0 6 11 5 10
0 4 7 5 7
0 4 5 4 6
0 6 13 5 13
11
1 4 6 5 7
1 5 7 5 6
2 8 1 8 1
1 5 6 5 7
12
0 5 13 6 13
0 4 2 5 3
0 7 11 8 12
0 6 3 6 4
0 8 1 8 2
0 6 5 5 5
0 8 11 8 10
0 5 2 6 2
0 6 10 7 11
0 5 6 4 5
0 5 9 5 8
0 5 10 6 10
0 6 12 7 12
0 4 6 4 7
0 5 7 6 7
13
1 4 7 5 8
1 5 8 4 7
14
0 4 5 4 6
0 8 2 7 2
0 5 8 6 8
0 6 2 5 2
0 6 7 5 6
0 5 5 4 4
0 8 10 8 9
0 6 4 6 5
0 5 3 6 4
0 7 12 6 11
0 8 12 7 12
0 6 13 6 12
0 6 10 7 10
0 4 7 4 8
0 7 11 6 10
15
1 6 5 5 6
2 6 10 6 10
2 4 4 4 4
16
0 4 6 3 6
0 7 2 6 3
0 5 2 5 3
0 6 5 7 5
0 8 9 7 9
0 7 12 7 11
0 6 11 5 10
0 6 4 7 4
0 4 8 3 8
0 7 10 8 10
0 6 8 6 7
0 6 10 5 9
0 6 12 6 11
0 4 4 3 3
17
2 3 8 3 8
18
0 7 11 7 10
0 8 10 8 11
0 7 5 7 6
0 5 10 4 10
0 6 3 7 3
0 3 8 2 7
0 3 3 4 3
0 5 3 5 2
0 7 4 7 5
0 7 9 8 9
0 6 7 5 7
0 3 6 3 7
0 5 9 5 10
0 6 11 6 10
19
2 3 7 3 7
20
0 5 7 6 7
0 7 6 7 7
0 6 10 5 9
0 7 3 6 3
0 8 9 7 8
0 7 5 7 6
0 3 7 4 7
0 7 10 7 9
0 4 10 4 11
0 2 7 3 7
0 4 3 5 4
0 8 11 7 10
0 5 2 4 2
0 5 10 4 9
21
1 6 7 7 6
1 7 7 7 8
1 7 8 7 7
1 7 6 6 7
22
0 3 7 2 7
0 7 8 6 8
0 4 2 5 2
0 7 9 8 9
0 5 4 6 5
0 7 10 6 10
0 4 9 4 8
0 4 11 3 12
0 7 6 8 6
0 7 7 7 6
0 5 9 5 8
0 6 3 7 2
0 4 7 3 6
23
2 7 2 7 2
2 6 10 6 10
2 7 6 7 6
2 5 8 5 8
24
0 6 5 7 4
0 8 9 9 9
0 6 8 7 7
0 6 10 5 10
0 7 6 7 5
0 5 8 6 8
0 3 12 4 11
0 3 6 2 6
0 8 6 8 5
0 5 2 5 3
0 4 8 5 8
0 2 7 3 8
0 7 2 6 3
25
2 7 7 7 7
2 3 8 3 8
26
0 8 5 8 4
0 2 6 3 7
0 6 3 7 2
0 4 11 5 11
0 7 5 8 5
0 7 4 6 4
0 9 9 9 10
0 3 8 2 7
0 5 3 4 2
0 5 8 5 7
0 5 10 4 11
0 7 7 7 8
0 6 8 5 8
27
2 4 11 4 11
28
0 4 2 3 2
0 5 8 4 9
0 7 2 7 3
0 3 7 4 8
0 9 10 9 11
0 8 4 7 4
0 2 7 1 6
0 5 11 4 12
0 6 4 6 5
0 5 7 4 7
0 4 11 4 10
0 7 8 7 7
0 8 5 8 6
29
1 7 7 8 6
1 4 7 4 8
1 4 9 4 8
1 4 8 4 7
1 8 6 7 7
2 8 6 8 6
2 7 4 7 4
30
0 7 4 7 5
0 9 11 9 10
0 6 5 5 5
0 4 10 5 9
0 4 8 5 8
0 4 12 5 12
0 8 6 7 6
0 7 3 6 3
0 4 9 3 10
0 4 7 3 8
0 1 6 2 6
0 3 2 2 1
31
1 5 8 5 9
2 5 5 5 5
1 5 9 5 8
32
0 6 3 6 2
0 5 5 6 4
0 9 10 9 11
0 7 5 6 5
0 3 10 3 9
0 5 12 5 11
0 2 6 2 7
0 7 6 7 5
0 2 1 2 2
0 5 9 5 10
0 5 8 5 7
0 3 8 4 8
33
1 5 7 4 8
2 7 5 7 5
1 4 8 5 7
34
0 6 2 5 2
0 4 8 5 8
0 5 7 4 8
0 5 11 6 12
0 2 7 1 7
0 7 5 8 4
0 5 10 4 9
0 6 4 5 5
0 3 9 2 9
0 6 5 6 4
0 2 2 3 3
0 9 11 8 10
35
2 3 3 3 3
1 5 8 4 8
1 4 8 5 8
1 4 9 4 8
36
0 2 9 2 10
0 8 10 7 9
0 5 5 4 5
0 3 3 4 4
0 6 4 7 4
0 5 8 5 9
0 5 2 6 1
0 6 12 5 11
0 8 4 8 3
0 1 7 0 6
0 4 9 3 9
37
2 3 9 3 9
2 7 4 7 4
2 4 4 4 4
2 4 5 4 5
38
0 4 4 5 4
0 4 5 3 4
0 8 3 7 3
0 5 9 6 8
0 5 11 6 11
0 2 10 3 10
0 7 9 8 10
0 6 1 5 1
0 7 4 6 4
0 0 6 0 5
0 3 9 3 8
39
2 5 4 5 4
40
0 5 4 5 5
0 3 8 3 7
0 3 4 3 3
0 7 3 7 4
0 6 8 5 8
0 6 11 5 11
0 3 10 4 10
0 8 10 9 10
0 5 1 4 2
0 0 5 1 5
0 6 4 6 5
41
2 5 8 5 8
42
0 5 11 6 12
0 5 5 4 6
0 3 7 2 7
0 7 4 7 3
0 5 8 5 7
0 1 5 1 6
0 4 10 4 9
0 4 2 5 2
0 9 10 8 10
0 6 5 7 4
0 3 3 3 2
43
1 5 7 4 6
1 1 6 2 7
1 4 6 5 7
1 2 7 1 6
44
0 7 3 6 4
0 2 7 3 6
0 8 10 7 9
0 5 2 5 1
0 3 2 4 2
0 4 9 3 10
0 5 7 4 7
0 7 4 8 4
0 6 12 5 11
0 1 6 1 7
0 4 6 4 5
45
2 3 10 3 10
1 4 5 3 6
1 3 6 4 5
46
0 5 11 4 10
0 4 2 3 3
0 8 4 7 5
0 5 1 4 1
0 7 9 7 8
0 4 7 3 7
0 3 10 3 9
0 1 7 0 7
0 4 5 3 5
0 3 6 4 5
0 6 4 5 4
47
1 4 5 5 4
1 3 5 4 5
1 5 4 4 5
2 5 4 5 4
2 3 3 3 3
48
0 3 9 3 10
0 4 1 4 2
0 3 3 2 3
0 4 10 3 9
0 5 4 4 4
0 3 7 2 8
0 7 5 8 4
0 4 5 3 4
0 7 8 6 8
0 3 5 2 5
0 0 7 0 6
49
1 3 4 4 4
1 2 5 3 4
1 2 3 3 4
50
0 0 6 0 5
0 4 2 4 3
0 2 5 2 6
0 2 3 2 4
0 3 10 2 9
0 3 9 4 10
0 2 8 1 8
0 3 4 2 5
0 6 8 7 8
0 8 4 7 5
51
1 2 6 2 5
1 2 4 2 5
1 2 5 2 4
2 7 8 7 8
52
0 7 8 6 8
0 0 5 0 6
0 7 5 8 5
0 4 3 5 3
0 2 6 2 7
0 2 4 3 5
0 4 10 3 9
0 2 9 3 8
0 1 8 0 9
0 2 5 2 4
53
1 2 7 3 8
2 8 5 8 5
1 2 4 3 5
1 3 8 2 7
54
0 6 8 7 8
0 5 3 4 3
0 8 5 7 5
0 0 6 0 5
0 0 9 1 8
0 3 8 4 9
0 3 9 2 9
0 2 7 1 7
0 2 4 1 4
55
1 1 7 1 8
1 1 8 1 7
1 0 5 1 4
1 1 4 0 5
56
0 4 3 3 4
0 4 9 3 9
0 7 8 7 9
0 1 7 0 6
0 2 9 1 9
0 1 8 1 7
0 0 5 0 4
0 7 5 6 5
0 1 4 1 5
57
1 1 5 0 4
1 0 6 1 5
1 1 7 0 6
58
0 1 5 1 4
0 7 9 6 8
0 3 4 2 5
0 3 9 2 9
0 6 5 5 5
0 1 9 2 8
0 1 7 0 7
0 0 6 1 6
59
1 2 5 1 4
1 1 6 0 7
1 0 7 1 6
1 1 4 2 5
60
0 6 8 7 8
0 2 8 1 8
0 2 5 2 6
0 5 5 6 4
0 2 9 1 9
0 1 6 1 7
0 0 7 1 6
0 1 4 2 5
61
1 1 6 2 6
1 2 5 2 6
1 2 6 2 5
1 1 7 1 6
1 1 8 1 7
62
0 1 8 0 8
0 7 8 6 8
0 1 6 1 5
0 1 9 0 10
0 6 4 5 5
0 2 5 1 6
0 2 6 2 7
0 1 7 1 8
63
1 2 7 1 6
1 1 8 0 8
1 0 8 1 8
1 1 6 2 7
64
0 0 8 0 7
0 1 6 0 6
0 1 8 0 8
0 2 7 2 6
0 0 10 1 9
0 1 5 0 5
0 6 8 5 7
0 5 5 5 4
65
1 1 9 0 8
1 0 7 0 8
2 2 6 2 6
1 0 8 1 9
66
0 0 7 1 7
0 0 8 1 8
0 1 9 1 10
0 0 5 1 5
0 0 6 0 5
0 5 7 4 7
0 5 4 6 3
0 2 6 1 6
67
1 0 5 1 6
2 0 5 0 5
1 1 7 1 8
1 1 8 1 7
68
0 1 5 0 6
0 1 8 0 8
0 6 3 5 3
0 1 10 1 9
0 4 7 5 7
0 0 5 1 4
0 1 7 2 7
69
1 1 9 0 8
1 0 8 1 9
2 0 6 0 6
70
0 5 7 5 8
0 5 3 5 4
0 0 8 0 9
0 1 4 0 5
0 0 6 0 7
0 2 7 2 6
0 1 9 2 9
71
2 5 8 5 8
72
0 5 4 4 5
0 0 7 0 8
0 0 9 1 9
0 5 8 4 7
0 2 9 2 10
0 0 5 0 6
0 2 6 2 5
73
1 0 8 1 9
1 1 9 2 10
1 2 10 1 9
74
0 2 5 2 6
0 4 5 4 6
0 2 10 1 10
0 0 8 0 7
0 4 7 3 8
0 1 9 0 8
0 0 6 1 7
75
2 3 8 3 8
1 1 7 0 8
1 0 7 0 8
1 0 8 1 7
76
0 2 6 3 6
0 4 6 3 7
0 0 8 1 8
0 1 10 1 11
0 3 8 2 8
0 1 7 0 6
0 0 7 1 7
77
1 1 7 1 8
1 3 6 3 7
1 3 7 3 6
1 1 8 2 8
1 2 8 3 7
78
0 2 8 2 7
0 1 11 2 11
0 0 6 0 7
0 1 7 0 6
0 3 6 2 6
0 3 7 4 7
0 1 8 2 8
79
1 2 8 2 7
1 2 7 2 8
80
0 2 7 3 7
0 4 7 5 8
0 2 11 3 11
0 0 7 1 7
0 2 6 3 6
0 0 6 0 7
0 2 8 3 8
81
1 3 7 3 8
1 3 8 3 7
82
0 3 8 2 7
0 3 7 2 6
0 1 7 1 8
0 3 6 3 7
0 5 8 4 7
0 0 7 1 7
0 3 11 3 12
83
1 4 7 3 7
2 4 7 4 7
1 1 7 2 7
1 3 7 4 7
1 1 8 2 7
1 2 7 3 7
1 2 6 2 7
84
0 3 12 2 12
0 4 7 5 7
0 1 7 0 7
0 2 6 2 5
0 3 7 2 6
0 1 8 2 8
0 2 7 1 7
85
1 2 8 1 7
1 1 7 2 6
1 0 7 1 7
1 2 6 1 7
86
0 2 6 2 7
0 0 7 0 6
0 1 7 2 6
0 2 12 3 12
0 2 8 1 9
0 5 7 6 8
0 2 5 3 6
87
1 3 6 2 6
1 2 7 2 6
1 2 6 3 6
88
0 6 8 5 8
0 3 12 4 12
0 2 6 2 5
0 1 9 1 10
0 3 6 2 6
0 2 7 2 8
0 0 6 0 7
89
2 5 8 5 8
1 2 5 2 6
1 2 6 2 5
90
0 2 8 1 7
0 1 10 1 9
0 4 12 3 12
0 5 8 5 7
0 0 7 0 6
0 2 5 1 5
0 2 6 2 7
91
1 0 6 1 5
1 1 5 0 6
92
0 1 5 2 5
0 5 7 4 7
0 1 9 2 9
0 3 12 2 12
0 0 6 0 7
0 2 7 3 7
0 1 7 0 8
93
1 3 7 4 7
1 4 7 3 7
94
0 4 7 4 6
0 0 8 1 7
0 3 7 2 6
0 2 12 3 12
0 0 7 0 6
0 2 5 3 4
0 2 9 1 10
95
2 1 10 1 10
2 4 6 4 6
96
0 2 6 2 5
0 1 7 0 8
0 4 6 3 6
0 1 10 2 9
0 0 6 1 5
0 3 4 2 4
0 3 12 2 12
97
2 2 12 2 12
1 2 4 2 5
1 3 6 2 5
1 1 5 2 4
1 2 5 3 6
2 2 5 2 5
98
0 2 12 2 11
0 2 4 1 4
0 0 8 1 8
0 2 9 2 8
0 2 5 2 4
0 1 5 2 5
99
1 1 4 2 4
1 2 4 1 4
1 2 5 1 4
100
0 1 8 1 7
0 2 11 1 10
0 1 4 1 5
0 2 5 2 6
0 2 8 2 7
0 2 4 3 3
101
1 2 6 1 5
1 1 5 2 6
102
0 1 10 1 9
0 1 7 0 6
0 3 3 4 2
0 2 7 3 7
0 2 6 2 7
0 1 5 2 5
103
104
0 3 7 2 6
0 0 6 1 5
0 1 9 1 10
0 4 2 3 3
0 2 7 2 8
0 2 5 1 4
105
1 1 4 1 5
1 1 5 1 4
106
0 1 5 0 5
0 3 3 2 4
0 2 8 2 7
0 2 6 3 7
0 1 4 1 5
0 1 10 1 9
107
1 1 5 2 4
1 2 4 1 5
2 2 4 2 4
1 0 5 1 5
108
0 3 7 2 6
0 1 5 2 5
0 0 5 1 5
0 1 9 2 8
0 2 7 3 7
0 2 4 1 4
109
1 2 6 2 5
monster win